400 300
0 0
124 0
0 158
300 0
124 145
231 0
124 56
189 56
300 236
58 0
300 110
347 236
124 113
367 110
189 92
96 0
367 174
390 110
300 149
396 110
96 70
106 0
189 109
203 56
58 61
221 56
300 133
227 56
96 29
272 0
124 130
327 149
327 206
286 0
203 73
73 0
272 58
102 29
96 47
295 0
189 103
317 236
327 181
315 149
272 35
214 73
124 238
100 29
203 65
101 0
317 314
205 103
96 125
250 0
250 98
223 56
295 101
335 0
205 105
366 0
205 107
213 56
390 134
18 0
189 97
377 110
327 216
319 149
203 68
241 0
317 262
103 0
272 110
196 56
295 116
398 110
106 32
278 35
73 19
241 238
295 110
397 110
366 49
258 98
196 80
317 149
101 19
258 0
317 201
189 0
258 122
289 0
272 50
109 70
124 81
389 0
101 6
298 110
73 48
352 0
58 122
305 149
214 83
218 73
319 185
334 236
203 70
316 149
73 57
210 70
189 107
89 48
109 107
297 101
300 54
78 48
272 13
229 56
109 115
324 236
300 123
73 10
281 110
203 62
297 0
317 341
211 97
205 106
322 185
124 316
216 92
189 131
175 316
289 48
116 107
203 64
382 110
102 57
200 103
189 108
74 122
101 2
327 236
366 90
203 103
0 81
121 107
188 238
124 200
102 0
124 72
277 13
189 94
316 54
101 26
109 119
148 81
367 200
326 236
272 26
325 185
216 94
218 83
193 56
203 105
327 54
317 253
195 108
96 58
325 236
106 51
284 110
96 11
298 116
102 1
193 108
58 38
347 216
124 77
266 0
73 14
199 97
298 128
282 13
305 178
326 185
326 245
119 70
73 3
153 77
300 118
195 56
305 163
216 70
203 97
124 274
236 0
109 117
156 72
317 214
308 149
189 96
102 19
300 295
213 103
196 69
225 94
214 70
227 67
218 56
58 14
119 107
266 44
216 73
156 74
324 123
326 242
230 56
367 130
209 64
109 112
120 107
124 79
233 0
305 170
232 0
124 30
206 64
119 92
321 253
258 107
204 105
109 116
293 0
211 101
215 107
156 76
282 35
189 137
347 123
119 99
384 200
327 190
253 98
366 15
87 122
298 139
286 58
209 68
205 104
67 14
298 114
207 97
124 301
98 29
205 108
113 70
315 202
340 236
334 249
165 56
253 116
371 130
119 95
58 7
280 58
367 186
212 70
73 12
377 0
209 69
219 83
203 99
202 94
324 252
116 0
276 58
213 59
204 103
367 178
209 131
189 100
327 184
239 200
289 15
308 236
203 101
76 48
211 99
318 149
377 15
0 31
63 0
241 87
117 70
109 118
385 110
96 146
322 253
317 298
