400 300
31 18
30 65
242 124
54 35
55 176
145 1
16 41
36 4
59 8
7 5
8 67
164 53
17 65
20 10
2 27
11 5
4 33
24 6
87 5
64 1
55 13
32 10
22 42
6 10
61 38
36 2
16 67
11 2
18 2
13 14
15 65
32 40
10 40
58 3
19 11
3 23
52 4
28 4
11 6
101 2
4 11
17 7
3 40
53 1
15 6
10 2
36 64
18 2
3 18
2 1
27 30
1 8
21 28
98 8
47 3
36 4
9 2
110 17
1 26
15 11
1 10
3 5
40 6
158 40
3 10
64 5
20 20
36 8
2 6
87 9
36 30
29 3
35 9
13 7
29 3
64 2
19 18
23 4
29 23
162 59
6 3
64 1
41 34
9 14
12 7
52 1
7 1
98 8
13 2
56 42
23 14
15 4
8 6
37 4
32 24
49 11
13 2
4 2
9 3
110 14
36 16
14 3
9 4
10 3
51 3
13 6
3 7
87 1
4 23
3 2
1 16
9 7
5 7
9 3
56 16
9 11
13 5
36 1
1 15
16 1
10 24
2 23
35 3
2 10
101 3
59 30
2 20
1 26
51 3
84 51
2 15
6 20
84 66
97 6
8 3
1 3
64 3
13 4
4 3
1 4
36 13
4 2
26 7
20 34
2 1
77 18
8 3
78 53
38 115
1 1
5 32
22 5
2 13
56 11
3 2
6 15
32 41
36 17
6 1
9 5
51 1
3 9
9 1
36 2
2 1
56 8
9 4
1 10
12 6
26 1
19 18
35 2
18 5
12 2
1 1
1 2
23 15
20 20
2 29
44 6
5 23
6 4
11 2
22 4
58 10
51 1
17 1
22 5
7 23
4 36
5 67
36 1
7 10
3 5
2 4
27 64
145 5
1 15
2 33
22 2
14 7
1 27
7 1
105 17
2 18
11 7
3 6
3 2
25 2
9 3
24 9
8 1
54 6
10 2
2 33
10 23
3 1
36 1
44 4
1 4
3 7
8 1
2 29
145 3
8 10
145 1
26 65
1 3
3 5
9 1
15 14
2 1
1 15
48 2
2 20
2 16
1 33
23 4
8 42
10 20
8 5
36 16
16 40
18 5
34 11
36 9
6 2
87 3
1 12
1 8
24 6
2 2
6 4
15 64
18 2
1 10
37 4
34 1
26 7
13 6
16 24
29 5
44 6
4 5
7 15
52 6
14 33
3 2
2 23
15 12
1 12
9 2
2 4
2 14
10 1
32 8
52 4
6 5
2 1
8 33
6 22
3 10
6 40
38 61
33 4
59 9
2 4
9 2
2 20
52 1
34 12
50 18
7 10
58 9
37 2
1 15
64 5
12 28
9 2
16 30
